4.9965587
4.885925
4.91677
4.522539
4.0315824
3.835094
3.3390188
2.8845992
2.483195
2.8279407
3.0125751
2.8645573
2.6114037
3.2138736
2.828275
2.392125
2.2904701
2.4363759
1.9859776
2.9189653
1.104766
1.4190688
1.4282875
1.0340061
0.844639
0.86446065
0.49111345
0.35406622
0.48674542
0.3319181
0.46707323
-0.36704314
-0.4247364
0.31510186
0.041093044
-1.6472523
-1.3430893
-0.7665325
-1.0734239
-1.2620575
-0.742688
-1.6130694
-1.0525091
-1.8248799
-1.0115875
-0.7015519
-0.8456098
-1.0616279
-1.347458
-1.7958814
