4.608477
4.234421
3.9421887
3.375656
3.0809178
2.060213
1.5813987
1.0936825
0.29290622
0.27616018
-0.36559823
-0.653452
-1.3030044
-1.0892347
-1.6763698
-0.5373782
0.96791196
-0.09477844
-0.86421573
-0.7038206
-0.7555491
-0.26367754
-0.8756134
-2.3233728
-2.1885893
-1.4845915
-1.9896722
-2.8112748
-1.6579169
-1.6672915
-2.2944343
-3.1690238
-2.7819812
-2.8210933
-4.4701724
-4.43469
-3.5971432
-4.8293276
-5.487708
-6.5377574
-6.336755
-4.0994062
-6.52992
-6.0160317
-5.1630936
-4.8339124
-6.9529896
-7.4186525
-6.663809
-7.933725
